13*13
my.favourite.number <- 13